ATTR_RECORD
001520  90 00 00 00 28 01 00 00 - 00 04 18 00 00 00 BA 01  ....(...........
001530  08 01 00 00 20 00 00 00 - 24 00 49 00 33 00 30 00  .... ...$.I.3.0.
________________________________________________________________________________

INDEX_ROOT
001540  30 00 00 00 01 00 00 00 - 00 10 00 00 08 00 00 00  0...............

INDEX_HEADER
001550  10 00 00 00 F8 00 00 00 - F8 00 00 00 01 00 00 00  ................
________________________________________________________________________________

INDEX_ENTRY_HEADER
001560  05 00 00 00 00 00 05 00 - 60 00 44 00 01 00 00 00  ........`.D.....

INDEX_ENTRY
001570  05 00 00 00 00 00 05 00 - D0 00 67 94 82 AD C1 01  ..........g.....
001580  10 BF 45 4A 0F 74 C5 01 - 10 BF 45 4A 0F 74 C5 01  ..EJ.t....EJ.t..
001590  10 BF 45 4A 0F 74 C5 01 - 00 00 00 00 00 00 00 00  ..EJ.t..........
0015a0  00 00 00 00 00 00 00 00 - 26 00 00 10 00 00 00 00  ........&.......
0015b0  01 03 2E 00 00 00 00 00 - 00 00 00 00 00 00 00 00  ................
________________________________________________________________________________

INDEX_ENTRY_HEADER
0015c0  0C 05 00 00 00 00 01 00 - 70 00 54 00 01 00 00 00  ........p.T.....

INDEX_ENTRY
0015d0  05 00 00 00 00 00 05 00 - C0 94 41 87 83 AD C1 01  ..........A.....
0015e0  C0 94 41 87 83 AD C1 01 - C0 D3 61 D4 61 9D C3 01  ..A.......a.a...
0015f0  C0 94 41 87 83 AD C1 01 - 00 00 00 00 00 00 EF 03  ..A.............
001600  00 00 00 00 00 00 00 00 - 27 00 00 00 00 00 00 00  ........'.......
001610  09 03 4D 00 53 00 44 00 - 4F 00 53 00 2E 00 53 00  ..M.S.D.O.S...S.
001620  59 00 53 00 42 00 41 00 - 10 00 00 00 00 00 00 00  Y.S.B.A.........
________________________________________________________________________________

INDEX_ENTRY_HEADER
001630  02 00 00 00 00 00 02 00 - 18 00 00 00 03 00 00 00  ................

INDEX_ENTRY
001640  08 00 00 00 00 00 00 00 -                          ........        
________________________________________________________________________________

